gcc -c histogramme.c
gcc -c wav_file_helper.c
gcc -c descripteur.c
gcc -c base_descripteur.c
gcc -c pile_dynamique.c
gcc -c test_audio.c
gcc -o test_audio.out histogramme.o wav_file_helper.o descripteur.o pile_dynamique.o base_descripteur.o test_audio.o -lm
./test_audio.out
--- DEBUT DES TESTS AUDIO --- 
  --- DESCRIPTEUR --- 
    --- Paramètres généraux proposés: --- 
      n = 2 
      k = 2^2 = 4 
      m = 15 
    --- Initialisation du descripteur --- 
      Descripteur: id=0, k=4, m=15
    --- SET DESC AUDIO --- 
    --- GET DESC AUDIO --- 
    --- CREER HISTOGRAMME TXT DESC AUDIO --- 
    --- CREER HISTOGRAMME BIN DESC AUDIO --- 
    --- CREER HISTOGRAMME WAV DESC AUDIO --- 
    --- VERIFICATION D'EGALITE --- 
      --- HISTO TXT == HISTO BIN --- 
        Vrai
      --- HISTO TXT == HISTO WAV --- 
        Vrai
      --- HISTO BIN == HISTO WAV --- 
        Vrai
  --- CONTROLEUR BASE DESCRIPTEUR --- 
    --- Initialisation du controleur --- 
    --- Création du descripteur audio de TEST_SON/corpus_fi.wav --- 
    --- Sauvegarde du descripteur --- 
    --- Sauvegarde de la pile de descripteurs --- 
    --- Création du descripteur audio de TEST_SON/jingle_fi.wav --- 
    --- Sauvegarde du descripteur --- 
    --- Sauvegarde de la pile de descripteurs --- 
    --- Chargement des descripteurs enregistrés --- 
       --- Pile est vide ? --- 
          Non 
       --- Depile premier descripteur --- 
         --- Descripteur depile1 == celui empile ? --- 
           Vrai
       --- Pile est vide ? --- 
          Non 
       --- Depile second descripteur --- 
         --- Descripteur depile2 == celui empile ? --- 
           Vrai
       --- Pile est vide ? --- 
          Oui 
    --- Création des descripteurs audio du dossier TEST_SON --- 
TEST_SON/corpus_fi.bin
TEST_SON/jingle_fi.wav
TEST_SON/corpus_fi.txt
TEST_SON/corpus_fi.wav
TEST_SON/jingle_fi.bin
TEST_SON/jingle_fi.txt
 Fichier associé au descripteur 5: Introuvable
 Fichier associé au descripteur 4: Introuvable
 Fichier associé au descripteur 3: Introuvable
 Fichier associé au descripteur 2: Introuvable
 Fichier associé au descripteur 1: TEST_SON/jingle_fi.wav
 Fichier associé au descripteur 0: TEST_SON/corpus_fi.wav
Rapport = 34.500000
9.000000 + 5.108524 = 14
Nouvelle génération de TEST_SON/corpus_fi.wav (k=512, m=30) avec maintenant (k=16384, m=30)
desc2 (k=2, m=30)
index1 = 15360 , max = 8 , maxi = 6549, time = 29.421251
new_duration1 = 2380 , duration1 = 69
Identifiant: 0
Histogramme:
k = 512, m = 30
y \ x
0 | 	0	0	0	0	0	0	0	0	0	0	0	0	0	2	728	1453	2	0	0	0	0	0	0	0	0	0	0	0	0	0	
1 | 	0	0	0	0	0	0	0	0	0	0	0	0	1	18	897	1250	17	2	0	0	0	0	0	0	0	0	0	0	0	0	
2 | 	0	0	0	0	0	0	0	0	1	6	13	48	66	129	711	918	162	64	34	27	4	2	0	0	0	0	0	0	0	0	
3 | 	0	0	0	0	0	0	0	0	0	0	5	21	119	346	573	582	367	137	31	4	0	0	0	0	0	0	0	0	0	0	
4 | 	0	0	0	0	0	0	0	0	0	0	6	20	27	51	852	1125	52	17	10	20	5	0	0	0	0	0	0	0	0	0	
5 | 	0	0	0	0	0	0	0	0	0	0	9	49	109	257	662	691	214	102	63	29	0	0	0	0	0	0	0	0	0	0	
6 | 	0	0	0	0	0	0	0	0	0	0	2	19	171	374	570	484	279	190	87	9	0	0	0	0	0	0	0	0	0	0	
7 | 	0	0	0	0	0	0	0	0	0	0	1	27	110	255	662	763	235	77	51	4	0	0	0	0	0	0	0	0	0	0	
8 | 	0	0	0	0	0	0	0	0	0	0	0	20	62	158	858	834	130	68	50	5	0	0	0	0	0	0	0	0	0	0	
9 | 	0	0	0	0	0	0	0	0	0	0	0	0	0	34	892	1194	57	8	0	0	0	0	0	0	0	0	0	0	0	0	
10 | 	0	0	0	0	0	0	0	0	1	4	14	58	128	235	652	591	276	128	65	26	7	0	0	0	0	0	0	0	0	0	
11 | 	0	0	0	0	0	0	0	0	0	0	0	19	58	116	674	1123	112	55	27	1	0	0	0	0	0	0	0	0	0	0	
12 | 	0	0	0	0	0	0	0	0	0	0	5	23	61	124	740	993	145	60	29	5	0	0	0	0	0	0	0	0	0	0	
13 | 	0	0	0	0	0	0	0	0	0	3	19	33	46	238	671	809	265	59	30	11	1	0	0	0	0	0	0	0	0	0	
14 | 	0	0	0	0	0	0	0	0	0	0	5	38	112	215	535	905	222	93	56	3	0	0	0	0	0	0	0	0	0	0	
15 | 	0	0	0	0	0	0	0	0	0	0	21	46	171	304	517	562	313	167	81	3	0	0	0	0	0	0	0	0	0	0	
16 | 	0	0	0	0	0	0	0	0	0	0	0	5	26	101	900	998	123	24	8	0	0	0	0	0	0	0	0	0	0	0	
17 | 	0	0	0	0	0	0	0	0	0	0	3	7	31	185	805	898	206	44	5	1	0	0	0	0	0	0	0	0	0	0	
18 | 	0	0	0	0	0	0	0	0	0	0	0	2	44	118	780	1056	121	57	7	0	0	0	0	0	0	0	0	0	0	0	
19 | 	0	0	0	0	0	0	0	0	1	4	28	48	115	246	606	665	232	141	76	20	3	0	0	0	0	0	0	0	0	0	
20 | 	0	0	0	0	0	0	0	0	0	2	8	41	98	255	655	693	259	117	53	4	0	0	0	0	0	0	0	0	0	0	
21 | 	0	0	0	0	0	0	0	0	0	0	3	8	34	81	775	1162	69	37	16	0	0	0	0	0	0	0	0	0	0	0	
22 | 	0	0	0	0	0	0	0	0	0	0	26	57	125	192	614	715	237	141	68	10	0	0	0	0	0	0	0	0	0	0	
23 | 	0	0	0	0	0	0	0	0	0	0	17	45	101	260	657	680	246	82	56	32	9	0	0	0	0	0	0	0	0	0	
24 | 	0	0	0	0	0	0	0	0	0	0	0	8	102	242	701	732	273	111	16	0	0	0	0	0	0	0	0	0	0	0	
25 | 	0	0	0	0	0	0	0	0	0	1	12	58	128	262	601	621	300	130	54	15	3	0	0	0	0	0	0	0	0	0	
26 | 	0	0	0	0	0	0	0	0	0	0	3	48	145	285	557	634	314	161	33	5	0	0	0	0	0	0	0	0	0	0	
27 | 	0	0	0	0	0	0	0	0	0	0	0	0	0	0	619	1566	0	0	0	0	0	0	0	0	0	0	0	0	0	0	
28 | 	0	0	0	0	0	0	0	0	0	0	4	20	79	198	620	992	155	60	41	14	2	0	0	0	0	0	0	0	0	0	
29 | 	0	0	0	0	0	0	0	0	0	1	11	25	72	196	722	802	217	88	38	10	2	0	0	0	0	0	0	0	0	0	
30 | 	0	0	0	0	0	0	0	0	0	1	14	56	118	232	594	752	213	119	58	23	5	0	0	0	0	0	0	0	0	0	
31 | 	0	0	0	0	0	0	0	0	0	0	0	0	0	0	843	1342	0	0	0	0	0	0	0	0	0	0	0	0	0	0	
32 | 	0	0	0	0	0	0	0	0	0	2	21	66	41	45	705	1103	65	70	45	21	1	0	0	0	0	0	0	0	0	0	
33 | 	0	0	0	0	0	0	0	0	0	0	9	29	86	136	695	958	125	105	31	10	1	0	0	0	0	0	0	0	0	0	
34 | 	0	0	0	0	0	0	0	0	0	0	0	1	31	76	777	1183	68	39	10	0	0	0	0	0	0	0	0	0	0	0	
35 | 	0	0	0	0	0	0	0	0	0	0	7	43	95	221	715	711	216	111	53	13	0	0	0	0	0	0	0	0	0	0	
36 | 	0	0	0	0	0	0	0	0	0	0	0	0	4	122	855	1057	133	13	1	0	0	0	0	0	0	0	0	0	0	0	
37 | 	0	0	0	0	0	0	0	0	0	0	2	18	45	152	778	939	165	69	15	2	0	0	0	0	0	0	0	0	0	0	
38 | 	0	0	0	0	0	0	0	0	0	0	2	44	97	158	513	1046	174	83	49	19	0	0	0	0	0	0	0	0	0	0	
39 | 	0	0	0	0	0	0	0	0	0	0	3	20	33	92	902	984	95	32	20	4	0	0	0	0	0	0	0	0	0	0	
40 | 	0	0	0	0	0	0	0	0	0	3	19	66	118	288	553	622	280	157	58	18	3	0	0	0	0	0	0	0	0	0	
41 | 	0	0	0	0	0	0	0	0	0	0	0	0	0	0	463	1722	0	0	0	0	0	0	0	0	0	0	0	0	0	0	
42 | 	0	0	0	0	0	0	0	0	0	0	0	0	0	0	795	1390	0	0	0	0	0	0	0	0	0	0	0	0	0	0	
43 | 	0	0	0	0	0	0	0	0	0	0	0	0	0	19	976	1152	37	0	0	0	0	0	0	0	0	0	0	0	0	0	
44 | 	0	0	0	0	0	0	0	0	0	7	23	78	99	186	523	815	241	129	57	18	8	1	0	0	0	0	0	0	0	0	
45 | 	0	0	0	0	0	0	0	0	0	0	1	9	76	180	799	796	237	74	12	1	0	0	0	0	0	0	0	0	0	0	
46 | 	0	0	0	0	0	0	0	0	0	2	16	57	151	291	567	513	337	193	44	13	1	0	0	0	0	0	0	0	0	0	
47 | 	0	0	0	0	0	0	0	0	0	2	7	25	92	168	598	995	171	80	36	10	1	0	0	0	0	0	0	0	0	0	
48 | 	0	0	0	0	0	0	0	0	0	1	7	16	31	39	809	1190	25	36	23	8	0	0	0	0	0	0	0	0	0	0	
49 | 	0	0	0	0	0	0	0	0	0	0	4	14	39	133	685	1116	102	75	17	0	0	0	0	0	0	0	0	0	0	0	
50 | 	0	0	0	0	0	0	0	0	0	0	0	11	76	220	699	843	235	94	7	0	0	0	0	0	0	0	0	0	0	0	
51 | 	0	0	0	0	0	0	0	1	3	13	23	48	100	152	683	793	182	91	58	24	13	1	0	0	0	0	0	0	0	0	
52 | 	0	0	0	0	0	0	0	0	0	0	0	5	13	100	842	1101	104	14	6	0	0	0	0	0	0	0	0	0	0	0	
53 | 	0	0	0	0	0	0	0	0	0	0	0	18	87	134	723	978	159	45	23	17	1	0	0	0	0	0	0	0	0	0	
54 | 	0	0	0	0	0	0	0	0	0	0	6	21	95	162	695	903	177	71	35	17	3	0	0	0	0	0	0	0	0	0	
55 | 	0	0	0	0	0	0	0	0	0	6	10	45	98	259	662	688	248	90	54	20	5	0	0	0	0	0	0	0	0	0	
56 | 	0	0	0	0	0	0	0	0	1	2	5	34	28	41	728	1218	47	38	25	13	5	0	0	0	0	0	0	0	0	0	
57 | 	0	0	0	0	0	0	0	0	0	0	2	47	161	355	499	540	355	180	42	4	0	0	0	0	0	0	0	0	0	0	
58 | 	0	0	0	0	0	0	0	0	0	0	0	0	26	54	466	1545	64	23	6	0	0	0	0	0	0	0	0	0	0	0	
59 | 	0	0	0	0	0	0	0	0	0	0	3	43	120	237	591	777	229	121	58	6	0	0	0	0	0	0	0	0	0	0	
60 | 	0	0	0	0	0	0	0	0	0	0	0	0	0	12	645	1515	10	3	0	0	0	0	0	0	0	0	0	0	0	0	
61 | 	0	0	0	0	0	0	0	0	0	0	18	44	95	163	686	822	201	100	52	4	0	0	0	0	0	0	0	0	0	0	
62 | 	0	0	0	0	0	0	0	0	0	0	2	7	18	131	581	1275	142	21	4	3	1	0	0	0	0	0	0	0	0	0	
63 | 	0	0	0	0	0	0	0	0	0	3	25	52	83	167	708	791	155	135	44	20	2	0	0	0	0	0	0	0	0	0	
64 | 	0	0	0	0	0	0	0	0	0	0	0	2	11	106	787	1140	116	23	0	0	0	0	0	0	0	0	0	0	0	0	
65 | 	0	0	0	0	0	0	0	0	0	0	0	0	29	159	825	963	161	47	1	0	0	0	0	0	0	0	0	0	0	0	
66 | 	0	0	0	0	0	0	0	0	1	8	23	41	50	68	704	1092	64	66	37	23	5	3	0	0	0	0	0	0	0	0	
67 | 	0	0	0	0	0	0	0	0	0	1	5	35	126	220	566	842	189	147	49	5	0	0	0	0	0	0	0	0	0	0	
68 | 	0	0	0	0	0	0	0	0	0	0	0	0	0	0	825	1360	0	0	0	0	0	0	0	0	0	0	0	0	0	0	
69 | 	0	0	0	0	0	0	0	0	0	2	10	31	44	115	744	1002	142	65	23	6	1	0	0	0	0	0	0	0	0	0	
70 | 	0	0	0	0	0	0	0	0	0	0	16	59	186	345	454	475	374	227	41	8	0	0	0	0	0	0	0	0	0	0	
71 | 	0	0	0	0	0	0	0	0	0	0	9	19	34	115	645	1169	127	47	13	7	0	0	0	0	0	0	0	0	0	0	
72 | 	0	0	0	0	0	0	0	0	0	0	14	40	129	324	525	585	401	113	36	13	5	0	0	0	0	0	0	0	0	0	
73 | 	0	0	0	0	0	0	0	0	0	0	9	49	124	255	598	670	268	165	43	3	0	0	0	0	0	0	0	0	0	0	
74 | 	0	0	0	0	0	0	0	0	0	2	9	52	92	184	634	845	199	105	43	16	4	0	0	0	0	0	0	0	0	0	
75 | 	0	0	0	0	0	0	0	0	0	2	9	41	134	262	569	682	295	141	39	10	1	0	0	0	0	0	0	0	0	0	
76 | 	0	0	0	0	0	0	0	0	0	0	0	2	80	231	724	796	274	74	3	1	0	0	0	0	0	0	0	0	0	0	
77 | 	0	0	0	0	0	0	0	0	0	0	0	31	62	141	726	972	151	65	24	11	2	0	0	0	0	0	0	0	0	0	
78 | 	0	0	0	0	0	0	0	0	0	0	0	0	14	107	681	1263	100	19	1	0	0	0	0	0	0	0	0	0	0	0	
79 | 	0	0	0	0	0	0	0	0	1	12	13	32	108	278	599	648	318	116	34	14	11	1	0	0	0	0	0	0	0	0	
80 | 	0	0	0	0	0	0	0	0	0	0	0	0	0	5	710	1462	8	0	0	0	0	0	0	0	0	0	0	0	0	0	
81 | 	0	0	0	0	0	0	0	0	0	0	0	1	3	25	844	1289	18	1	3	0	1	0	0	0	0	0	0	0	0	0	
82 | 	0	0	0	0	0	0	0	0	0	0	0	1	0	53	969	1083	74	3	1	0	1	0	0	0	0	0	0	0	0	0	
83 | 	0	0	0	0	0	0	0	0	1	9	16	17	21	25	843	1148	50	21	16	7	8	3	0	0	0	0	0	0	0	0	
84 | 	0	0	0	0	0	0	0	0	0	1	9	43	213	311	516	467	350	231	40	4	0	0	0	0	0	0	0	0	0	0	
85 | 	0	0	0	0	0	0	0	0	0	3	35	90	222	271	429	467	302	231	113	19	2	0	1	0	0	0	0	0	0	0	
86 | 	0	0	0	0	0	0	0	0	0	0	0	0	1	6	767	1404	5	1	1	0	0	0	0	0	0	0	0	0	0	0	
87 | 	0	0	0	0	0	0	0	0	0	4	20	41	83	261	473	856	305	90	30	12	8	1	0	0	0	0	0	0	0	0	
88 | 	0	0	0	0	0	0	0	0	0	0	4	26	31	48	905	1040	75	27	25	4	0	0	0	0	0	0	0	0	0	0	
89 | 	0	0	0	0	0	0	0	0	0	0	0	4	47	364	635	666	417	47	5	0	0	0	0	0	0	0	0	0	0	0	
90 | 	0	0	0	0	0	0	0	0	0	3	15	33	40	129	832	899	125	53	34	19	3	0	0	0	0	0	0	0	0	0	
91 | 	0	0	0	0	0	0	0	0	0	1	10	26	70	190	645	938	175	94	22	11	3	0	0	0	0	0	0	0	0	0	
92 | 	0	0	0	0	0	0	0	0	0	0	0	6	48	132	892	896	108	72	25	5	1	0	0	0	0	0	0	0	0	0	
93 | 	0	0	0	0	0	0	0	0	0	0	1	55	60	121	740	953	139	60	44	12	0	0	0	0	0	0	0	0	0	0	
94 | 	0	0	0	0	0	0	0	0	0	0	15	50	83	148	716	840	182	87	52	12	0	0	0	0	0	0	0	0	0	0	
95 | 	0	0	0	0	0	0	0	0	1	3	3	22	50	88	815	1037	77	34	43	12	0	0	0	0	0	0	0	0	0	0	
96 | 	0	0	0	0	0	0	0	0	0	0	0	9	98	203	657	882	230	84	22	0	0	0	0	0	0	0	0	0	0	0	
97 | 	0	0	0	0	0	0	0	0	0	0	0	0	0	0	656	1529	0	0	0	0	0	0	0	0	0	0	0	0	0	0	
98 | 	0	0	0	0	0	0	0	0	0	0	0	0	0	0	667	1518	0	0	0	0	0	0	0	0	0	0	0	0	0	0	
99 | 	0	0	0	0	0	0	0	0	0	1	37	130	152	210	382	703	232	196	84	51	7	0	0	0	0	0	0	0	0	0	
100 | 	0	0	0	0	0	0	0	0	0	2	36	64	229	349	388	502	262	174	144	32	3	0	0	0	0	0	0	0	0	0	
101 | 	0	0	0	0	0	0	0	0	0	0	18	80	156	479	391	380	368	135	110	56	12	0	0	0	0	0	0	0	0	0	
102 | 	0	0	0	0	0	0	0	0	0	0	9	275	249	359	273	202	224	243	233	115	2	0	0	0	0	0	0	0	0	0	
103 | 	0	0	0	0	0	0	0	0	0	0	17	82	276	253	397	500	267	266	121	6	0	0	0	0	0	0	0	0	0	0	
104 | 	0	0	0	0	0	0	0	0	0	2	32	57	90	136	596	961	114	83	83	28	3	0	0	0	0	0	0	0	0	0	
105 | 	0	0	0	0	0	0	0	0	0	0	1	15	84	409	661	573	210	136	82	14	0	0	0	0	0	0	0	0	0	0	
106 | 	0	0	0	0	0	0	0	0	0	0	1	9	64	257	739	750	266	90	9	0	0	0	0	0	0	0	0	0	0	0	
107 | 	0	0	0	0	0	0	0	0	0	0	0	11	79	599	550	394	277	133	83	53	6	0	0	0	0	0	0	0	0	0	
108 | 	0	0	0	0	0	0	0	0	0	0	33	78	136	303	533	509	358	130	64	35	6	0	0	0	0	0	0	0	0	0	
109 | 	0	0	0	0	0	0	0	0	0	2	28	38	125	295	568	628	292	110	65	33	1	0	0	0	0	0	0	0	0	0	
110 | 	0	0	0	0	0	0	0	0	0	0	15	47	202	288	509	623	261	115	97	27	1	0	0	0	0	0	0	0	0	0	
111 | 	0	0	0	0	0	0	0	0	0	0	52	271	295	179	200	294	272	376	217	29	0	0	0	0	0	0	0	0	0	0	
112 | 	0	0	0	0	0	0	0	0	0	0	3	148	232	371	440	262	230	234	244	21	0	0	0	0	0	0	0	0	0	0	
113 | 	0	0	0	0	0	0	0	0	0	0	3	66	101	237	615	723	287	104	48	1	0	0	0	0	0	0	0	0	0	0	
114 | 	0	0	0	0	0	0	0	0	0	1	39	70	144	260	512	567	353	149	90	0	0	0	0	0	0	0	0	0	0	0	
115 | 	0	0	0	0	0	0	0	0	0	0	3	60	70	216	653	812	225	81	61	4	0	0	0	0	0	0	0	0	0	0	
116 | 	0	0	0	0	0	0	0	0	0	0	110	130	97	118	514	713	159	135	136	73	0	0	0	0	0	0	0	0	0	0	
117 | 	0	0	0	0	0	0	0	0	0	0	20	122	239	294	364	417	375	191	136	25	1	0	0	0	0	0	0	0	0	0	
118 | 	0	0	0	0	0	0	0	0	0	0	16	71	141	278	566	601	263	149	90	10	0	0	0	0	0	0	0	0	0	0	
119 | 	0	0	0	0	0	0	0	0	0	0	61	203	149	189	324	487	412	216	126	18	0	0	0	0	0	0	0	0	0	0	
120 | 	0	0	0	0	0	0	0	0	0	2	7	19	127	310	599	625	331	144	21	0	0	0	0	0	0	0	0	0	0	0	
121 | 	0	0	0	0	0	0	0	0	0	5	24	145	307	353	254	253	305	351	140	43	4	1	0	0	0	0	0	0	0	0	
122 | 	0	0	0	0	0	0	0	0	0	7	83	307	279	227	193	181	208	241	357	99	3	0	0	0	0	0	0	0	0	0	
123 | 	0	0	0	0	0	0	0	0	0	0	3	39	126	377	629	490	243	149	114	12	3	0	0	0	0	0	0	0	0	0	
124 | 	0	0	0	0	0	0	0	0	0	2	9	25	102	185	550	1020	113	94	64	20	1	0	0	0	0	0	0	0	0	0	
125 | 	0	0	0	0	0	0	0	0	0	0	0	122	303	454	270	222	266	341	197	10	0	0	0	0	0	0	0	0	0	0	
126 | 	0	0	0	0	0	0	0	0	0	1	48	97	90	165	569	732	249	161	70	3	0	0	0	0	0	0	0	0	0	0	
127 | 	0	0	0	0	0	0	0	0	0	8	38	99	109	167	528	715	329	138	42	10	2	0	0	0	0	0	0	0	0	0	
128 | 	0	0	0	0	0	0	0	0	0	1	16	58	116	351	554	577	253	146	87	24	2	0	0	0	0	0	0	0	0	0	
129 | 	0	0	0	0	0	0	0	0	0	0	0	0	60	340	687	728	234	109	27	0	0	0	0	0	0	0	0	0	0	0	
130 | 	0	0	0	0	0	0	0	0	0	5	71	146	193	154	346	551	388	213	95	22	1	0	0	0	0	0	0	0	0	0	
131 | 	0	0	0	0	0	0	0	0	0	0	0	210	254	279	301	346	311	301	178	4	0	0	0	0	0	0	0	0	0	0	
132 | 	0	0	0	0	0	0	0	0	0	0	12	117	142	225	511	541	376	250	11	0	0	0	0	0	0	0	0	0	0	0	
133 | 	0	0	0	0	0	0	0	0	0	0	0	5	136	301	618	759	211	73	42	25	15	0	0	0	0	0	0	0	0	0	
134 | 	0	0	0	0	0	0	0	0	0	6	18	74	109	268	583	592	304	147	41	29	14	0	0	0	0	0	0	0	0	0	
135 | 	0	0	0	0	0	0	0	0	2	3	11	71	264	408	377	324	338	231	126	27	3	0	0	0	0	0	0	0	0	0	
136 | 	0	0	0	0	0	0	0	0	1	5	15	57	112	156	655	848	127	93	95	20	1	0	0	0	0	0	0	0	0	0	
137 | 	0	0	0	0	0	0	0	0	0	0	8	159	213	322	442	332	221	316	141	27	4	0	0	0	0	0	0	0	0	0	
138 | 	0	0	0	0	0	0	0	0	0	1	56	322	233	177	173	213	320	565	104	21	0	0	0	0	0	0	0	0	0	0	
139 | 	0	0	0	0	0	0	0	0	0	0	6	42	119	190	630	827	184	99	69	19	0	0	0	0	0	0	0	0	0	0	
140 | 	0	0	0	0	0	0	0	0	0	0	0	0	11	21	739	1382	24	8	0	0	0	0	0	0	0	0	0	0	0	0	
141 | 	0	0	0	0	0	0	0	0	0	0	0	0	0	12	1021	1121	31	0	0	0	0	0	0	0	0	0	0	0	0	0	
142 | 	0	0	0	0	0	0	0	0	0	0	0	0	0	6	969	1203	7	0	0	0	0	0	0	0	0	0	0	0	0	0	
143 | 	0	0	0	0	0	0	0	0	0	0	28	79	69	71	511	1104	185	111	22	5	0	0	0	0	0	0	0	0	0	0	
144 | 	0	0	0	0	0	0	0	0	0	7	40	53	103	388	563	420	305	158	112	29	7	0	0	0	0	0	0	0	0	0	
145 | 	0	0	0	0	0	0	0	0	0	0	2	65	194	269	578	523	253	181	96	24	0	0	0	0	0	0	0	0	0	0	
146 | 	0	0	0	0	0	0	0	0	0	0	0	0	1	21	838	1296	26	2	0	0	0	0	0	0	0	0	0	0	0	0	
147 | 	0	0	0	0	0	0	0	0	0	0	7	136	210	336	398	484	220	166	189	39	0	0	0	0	0	0	0	0	0	0	
148 | 	0	0	0	0	0	0	0	0	0	3	71	96	134	258	331	498	595	185	14	0	0	0	0	0	0	0	0	0	0	0	
149 | 	0	0	0	0	0	0	0	0	0	6	18	56	158	290	437	563	496	136	25	0	0	0	0	0	0	0	0	0	0	0	
150 | 	0	0	0	0	0	0	0	0	3	7	35	98	85	210	621	690	187	95	92	45	16	1	0	0	0	0	0	0	0	0	
151 | 	0	0	0	0	0	0	0	0	1	21	54	110	220	257	324	373	483	234	94	14	0	0	0	0	0	0	0	0	0	0	
152 | 	0	0	0	0	0	0	0	0	0	0	22	145	210	281	277	410	547	211	74	8	0	0	0	0	0	0	0	0	0	0	
153 | 	0	0	0	0	0	0	0	0	0	0	1	37	248	336	411	512	440	119	65	16	0	0	0	0	0	0	0	0	0	0	
154 | 	0	0	0	0	0	0	0	0	0	2	55	67	80	184	508	757	385	102	40	5	0	0	0	0	0	0	0	0	0	0	
155 | 	0	0	0	0	0	0	0	0	0	4	17	27	137	343	592	542	282	161	63	17	0	0	0	0	0	0	0	0	0	0	
156 | 	0	0	0	0	0	0	0	0	0	0	7	42	52	151	701	952	175	59	38	8	0	0	0	0	0	0	0	0	0	0	
157 | 	0	0	0	0	0	0	0	0	0	5	12	84	201	254	557	592	121	144	169	38	8	0	0	0	0	0	0	0	0	0	
158 | 	0	0	0	0	0	0	0	0	0	0	0	57	327	324	440	371	256	191	205	14	0	0	0	0	0	0	0	0	0	0	
159 | 	0	0	0	0	0	0	0	0	1	5	11	55	145	284	599	517	317	177	49	16	9	0	0	0	0	0	0	0	0	0	
160 | 	0	0	0	0	0	0	0	0	0	0	3	30	116	492	463	413	442	189	35	1	0	0	0	0	0	0	0	0	0	0	
161 | 	0	0	0	0	0	0	0	0	3	8	36	73	226	329	431	379	316	242	96	36	10	0	0	0	0	0	0	0	0	0	
162 | 	0	0	0	0	0	0	0	0	0	0	2	156	313	368	278	279	325	194	183	87	0	0	0	0	0	0	0	0	0	0	
163 | 	0	0	0	0	0	0	0	0	0	0	0	1	18	250	573	1032	269	42	0	0	0	0	0	0	0	0	0	0	0	0	
164 | 	0	0	0	0	0	0	0	0	0	0	0	0	0	0	868	1317	0	0	0	0	0	0	0	0	0	0	0	0	0	0	
165 | 	0	0	0	0	0	0	0	0	0	0	0	0	0	1	576	1608	0	0	0	0	0	0	0	0	0	0	0	0	0	0	
166 | 	0	0	0	0	0	0	0	0	0	0	0	1	56	271	717	787	291	61	1	0	0	0	0	0	0	0	0	0	0	0	
167 | 	0	0	0	0	0	0	0	0	0	0	2	108	245	338	428	401	217	291	115	38	2	0	0	0	0	0	0	0	0	0	
168 | 	0	0	0	0	0	0	0	0	0	3	30	169	149	217	340	585	403	238	47	4	0	0	0	0	0	0	0	0	0	0	
169 | 	0	0	0	0	0	0	0	0	0	4	41	69	111	124	542	852	295	88	53	6	0	0	0	0	0	0	0	0	0	0	
170 | 	0	0	0	0	0	0	0	0	0	0	1	58	74	97	483	1195	195	66	16	0	0	0	0	0	0	0	0	0	0	0	
171 | 	0	0	0	0	0	0	0	0	0	1	62	109	101	118	539	706	304	182	62	1	0	0	0	0	0	0	0	0	0	0	
172 | 	0	0	0	0	0	0	0	0	0	12	37	49	73	266	570	656	379	90	43	9	1	0	0	0	0	0	0	0	0	0	
173 | 	0	0	0	0	0	0	0	0	0	2	38	53	57	65	697	983	149	84	40	14	3	0	0	0	0	0	0	0	0	0	
174 | 	0	0	0	0	0	0	0	0	0	0	49	106	114	201	469	570	483	162	31	0	0	0	0	0	0	0	0	0	0	0	
175 | 	0	0	0	0	0	0	0	0	0	14	46	94	96	79	610	764	258	136	75	12	0	0	0	0	0	0	0	0	0	0	
176 | 	0	0	0	0	0	0	0	0	0	0	0	2	57	312	643	857	197	63	33	15	6	0	0	0	0	0	0	0	0	0	
177 | 	0	0	0	0	0	0	0	0	0	1	21	77	213	299	390	530	363	192	61	34	4	0	0	0	0	0	0	0	0	0	
178 | 	0	0	0	0	0	0	0	0	0	3	31	78	109	249	523	600	433	89	54	11	5	0	0	0	0	0	0	0	0	0	
179 | 	0	0	0	0	0	0	0	0	1	3	16	91	274	272	312	442	437	295	37	5	0	0	0	0	0	0	0	0	0	0	
180 | 	0	0	0	0	0	0	0	0	4	10	40	90	110	98	557	925	92	104	110	45	0	0	0	0	0	0	0	0	0	0	
181 | 	0	0	0	0	0	0	0	0	0	3	76	86	66	87	568	818	268	166	45	2	0	0	0	0	0	0	0	0	0	0	
182 | 	0	0	0	0	0	0	0	0	0	0	0	4	81	274	634	913	118	84	45	19	13	0	0	0	0	0	0	0	0	0	
183 | 	0	0	0	0	0	0	0	0	0	1	34	29	109	196	564	826	286	132	8	0	0	0	0	0	0	0	0	0	0	0	
184 | 	0	0	0	0	0	0	0	0	0	0	54	118	134	228	482	536	348	171	83	30	1	0	0	0	0	0	0	0	0	0	
185 | 	0	0	0	0	0	0	0	0	0	0	37	98	175	266	337	628	416	188	39	1	0	0	0	0	0	0	0	0	0	0	
186 | 	0	0	0	0	0	0	0	0	0	4	96	179	136	195	332	393	399	388	63	0	0	0	0	0	0	0	0	0	0	0	
187 | 	0	0	0	0	0	0	0	0	0	0	1	48	99	267	545	734	402	82	7	0	0	0	0	0	0	0	0	0	0	0	
188 | 	0	0	0	0	0	0	0	0	0	0	5	113	283	292	427	416	226	250	120	31	19	3	0	0	0	0	0	0	0	0	
189 | 	0	0	0	0	0	0	0	0	0	0	23	72	73	154	643	752	343	114	11	0	0	0	0	0	0	0	0	0	0	0	
190 | 	0	0	0	0	0	0	0	0	1	17	52	104	109	174	495	627	340	206	52	7	0	0	0	0	0	0	0	0	0	0	
191 | 	0	0	0	0	0	0	0	0	0	0	16	67	112	225	664	762	123	71	74	68	3	0	0	0	0	0	0	0	0	0	
192 | 	0	0	0	0	0	0	0	0	0	0	1	57	179	232	570	662	234	141	84	25	0	0	0	0	0	0	0	0	0	0	
193 | 	0	0	0	0	0	0	0	0	0	2	45	89	142	292	401	562	388	192	64	8	0	0	0	0	0	0	0	0	0	0	
194 | 	0	0	0	0	0	0	0	0	0	0	0	13	120	471	506	541	322	119	67	26	0	0	0	0	0	0	0	0	0	0	
195 | 	0	0	0	0	0	0	0	0	0	5	75	116	78	252	500	431	450	216	60	2	0	0	0	0	0	0	0	0	0	0	
196 | 	0	0	0	0	0	0	0	0	0	0	57	149	170	244	435	467	280	173	164	46	0	0	0	0	0	0	0	0	0	0	
197 | 	0	0	0	0	0	0	0	0	0	0	0	0	0	0	954	1231	0	0	0	0	0	0	0	0	0	0	0	0	0	0	
198 | 	0	0	0	0	0	0	0	0	0	0	0	0	0	0	584	1601	0	0	0	0	0	0	0	0	0	0	0	0	0	0	
199 | 	0	0	0	0	0	0	0	0	0	10	15	33	76	85	311	1420	90	69	59	12	5	0	0	0	0	0	0	0	0	0	
200 | 	0	0	0	0	0	0	0	0	0	0	0	13	174	275	604	638	245	216	20	0	0	0	0	0	0	0	0	0	0	0	
201 | 	0	0	0	0	0	0	0	0	0	0	0	28	69	116	731	1066	80	25	34	30	6	0	0	0	0	0	0	0	0	0	
202 | 	0	0	0	0	0	0	0	0	0	0	11	106	301	295	353	398	295	265	139	22	0	0	0	0	0	0	0	0	0	0	
203 | 	0	0	0	0	0	0	0	0	0	0	0	140	242	273	323	387	477	316	27	0	0	0	0	0	0	0	0	0	0	0	
204 | 	0	0	0	0	0	0	0	0	0	8	23	47	67	342	579	578	336	128	61	14	1	0	0	0	0	0	0	0	0	0	
205 | 	0	0	0	0	0	0	0	0	0	0	0	2	107	382	573	628	364	108	21	0	0	0	0	0	0	0	0	0	0	0	
206 | 	0	0	0	0	0	0	0	0	0	0	5	54	154	240	591	633	293	177	31	7	0	0	0	0	0	0	0	0	0	0	
207 | 	0	0	0	0	0	0	0	0	0	12	44	121	180	231	412	490	347	236	112	0	0	0	0	0	0	0	0	0	0	0	
208 | 	0	0	0	0	0	0	0	0	0	0	1	56	190	237	540	557	385	215	4	0	0	0	0	0	0	0	0	0	0	0	
209 | 	0	0	0	0	0	0	0	0	0	0	18	43	132	308	576	599	312	119	40	28	6	4	0	0	0	0	0	0	0	0	
210 | 	0	0	0	0	0	0	0	0	1	13	92	142	235	227	236	329	456	312	137	5	0	0	0	0	0	0	0	0	0	0	
211 | 	0	0	0	0	0	0	0	0	0	0	16	35	28	93	773	1047	89	52	36	13	3	0	0	0	0	0	0	0	0	0	
212 | 	0	0	0	0	0	0	0	0	0	0	0	0	33	109	598	1309	111	22	3	0	0	0	0	0	0	0	0	0	0	0	
213 | 	0	0	0	0	0	0	0	0	0	0	0	0	3	86	889	1114	83	10	0	0	0	0	0	0	0	0	0	0	0	0	
214 | 	0	0	0	0	0	0	0	0	0	0	0	0	0	10	953	1205	17	0	0	0	0	0	0	0	0	0	0	0	0	0	
215 | 	0	0	0	0	0	0	0	0	0	0	0	0	0	0	905	1279	1	0	0	0	0	0	0	0	0	0	0	0	0	0	
216 | 	0	0	0	0	0	0	0	2	6	2	23	52	108	122	680	905	90	67	46	44	17	16	5	0	0	0	0	0	0	0	
------------------------- HERE -------------------------
217 | 	0	0	0	0	0	0	0	1	7	24	67	113	234	324	347	325	287	206	139	68	30	12	1	0	0	0	0	0	0	0	
218 | 	0	0	0	0	0	0	0	0	4	21	60	123	203	317	336	329	306	245	151	70	14	5	1	0	0	0	0	0	0	0	
219 | 	0	0	0	0	0	0	0	0	1	5	26	66	221	364	433	407	302	222	112	21	3	1	0	0	0	0	0	0	0	0	
220 | 	0	0	0	0	0	0	0	0	0	9	20	86	212	302	439	456	331	208	82	29	10	1	0	0	0	0	0	0	0	0	
221 | 	0	0	0	0	0	0	0	0	1	8	54	111	219	285	357	406	347	226	114	48	8	1	0	0	0	0	0	0	0	0	
222 | 	0	0	0	0	0	0	0	3	6	5	47	112	186	285	354	435	363	224	124	32	9	0	0	0	0	0	0	0	0	0	
223 | 	0	0	0	0	0	0	0	0	1	23	57	166	212	261	341	376	333	246	125	38	6	0	0	0	0	0	0	0	0	0	
224 | 	0	0	0	0	0	0	0	0	5	22	78	141	207	263	306	374	318	259	142	62	8	0	0	0	0	0	0	0	0	0	
225 | 	0	0	0	0	0	0	0	0	0	2	10	68	188	370	483	403	326	197	107	25	6	0	0	0	0	0	0	0	0	0	
226 | 	0	0	0	0	0	0	0	0	0	0	12	70	254	330	413	442	346	167	101	47	3	0	0	0	0	0	0	0	0	0	
227 | 	0	0	0	0	0	0	0	0	0	0	6	61	198	421	440	428	299	187	111	29	5	0	0	0	0	0	0	0	0	0	
228 | 	0	0	0	0	0	0	0	0	0	1	13	64	186	353	437	482	373	185	67	24	0	0	0	0	0	0	0	0	0	0	
229 | 	0	0	0	0	0	0	0	0	0	1	17	77	247	340	398	416	346	196	102	36	9	0	0	0	0	0	0	0	0	0	
230 | 	0	0	0	0	0	0	0	0	0	0	28	76	270	380	376	344	257	249	137	61	6	1	0	0	0	0	0	0	0	0	
231 | 	0	0	0	0	0	0	0	0	0	1	20	120	261	331	403	356	259	234	119	63	18	0	0	0	0	0	0	0	0	0	
232 | 	0	0	0	0	0	0	0	0	0	0	8	108	223	339	463	500	228	99	91	78	43	5	0	0	0	0	0	0	0	0	
233 | 	0	0	0	0	0	0	0	0	0	0	2	80	193	362	595	420	202	121	94	80	33	3	0	0	0	0	0	0	0	0	
234 | 	0	0	0	0	0	0	0	0	0	0	34	134	140	203	471	642	331	102	67	46	14	0	0	0	0	0	0	0	0	0	
235 | 	0	0	0	0	0	0	0	0	0	0	32	117	172	233	447	489	404	210	75	6	0	0	0	0	0	0	0	0	0	0	
236 | 	0	0	0	0	0	0	0	0	0	0	8	114	219	336	344	468	403	164	100	29	0	0	0	0	0	0	0	0	0	0	
237 | 	0	0	0	0	0	0	0	0	0	0	2	101	247	367	356	463	321	152	132	44	0	0	0	0	0	0	0	0	0	0	
238 | 	0	0	0	0	0	0	0	3	7	8	29	106	286	322	326	335	293	265	148	36	12	7	2	0	0	0	0	0	0	0	
239 | 	0	0	0	0	0	0	0	0	0	1	13	78	235	313	483	386	318	203	125	24	6	0	0	0	0	0	0	0	0	0	
240 | 	0	0	0	0	0	0	0	0	2	7	10	57	138	356	565	439	319	185	86	17	4	0	0	0	0	0	0	0	0	0	
241 | 	0	0	0	0	0	0	0	0	0	0	4	43	159	302	569	597	275	166	60	10	0	0	0	0	0	0	0	0	0	0	
242 | 	0	0	0	0	0	0	0	0	0	0	0	2	15	172	819	952	208	17	0	0	0	0	0	0	0	0	0	0	0	0	
243 | 	0	0	0	0	0	0	0	0	0	0	1	78	210	281	512	510	283	225	85	0	0	0	0	0	0	0	0	0	0	0	
244 | 	0	0	0	0	0	0	0	0	0	0	5	60	111	173	608	887	144	108	58	29	2	0	0	0	0	0	0	0	0	0	
245 | 	0	0	0	0	0	0	0	0	0	0	0	52	120	276	634	625	267	132	77	2	0	0	0	0	0	0	0	0	0	0	
246 | 	0	0	0	0	0	0	0	0	0	2	21	81	110	192	622	750	179	117	61	39	11	0	0	0	0	0	0	0	0	0	
247 | 	0	0	0	0	0	0	0	0	0	0	8	60	70	128	734	909	86	98	70	22	0	0	0	0	0	0	0	0	0	0	
248 | 	0	0	0	0	0	0	0	0	0	0	5	92	291	363	373	394	251	216	166	25	7	1	0	0	0	0	0	0	0	0	
249 | 	0	0	0	0	0	0	0	0	0	0	3	53	154	304	616	479	294	199	83	0	0	0	0	0	0	0	0	0	0	0	
250 | 	0	0	0	0	0	0	0	0	0	0	0	8	92	531	524	397	428	177	28	0	0	0	0	0	0	0	0	0	0	0	
251 | 	0	0	0	0	0	0	0	0	0	0	0	5	61	136	794	978	157	49	5	0	0	0	0	0	0	0	0	0	0	0	
252 | 	0	0	0	0	0	0	0	0	0	1	54	77	69	319	474	584	392	142	68	5	0	0	0	0	0	0	0	0	0	0	
253 | 	0	0	0	0	0	0	0	0	0	0	0	0	22	57	928	1076	86	16	0	0	0	0	0	0	0	0	0	0	0	0	
254 | 	0	0	0	0	0	0	0	0	0	0	0	31	229	512	412	338	304	177	168	14	0	0	0	0	0	0	0	0	0	0	
255 | 	0	0	0	0	0	0	0	0	0	0	1	33	108	233	706	792	126	61	74	39	8	4	0	0	0	0	0	0	0	0	
256 | 	0	0	0	0	0	0	0	0	0	0	2	99	472	358	276	221	211	235	150	160	1	0	0	0	0	0	0	0	0	0	
257 | 	0	0	0	0	0	0	0	0	0	0	0	72	271	176	514	712	128	106	132	74	0	0	0	0	0	0	0	0	0	0	
258 | 	0	0	0	0	0	0	0	0	1	0	6	50	125	210	635	761	178	150	55	14	0	0	0	0	0	0	0	0	0	0	
259 | 	0	0	0	0	0	0	0	0	0	0	8	34	71	174	737	843	196	60	47	15	0	0	0	0	0	0	0	0	0	0	
260 | 	0	0	0	0	0	0	0	0	0	4	31	177	304	305	313	271	236	245	238	58	3	0	0	0	0	0	0	0	0	0	
261 | 	0	0	0	0	0	0	0	0	0	0	0	68	332	386	429	267	212	209	224	58	0	0	0	0	0	0	0	0	0	0	
262 | 	0	0	0	0	0	0	0	0	0	0	4	223	322	301	280	267	257	210	274	47	0	0	0	0	0	0	0	0	0	0	
263 | 	0	0	0	0	0	0	0	0	0	0	13	135	163	270	413	525	373	183	99	10	0	0	0	0	0	0	0	0	0	0	
264 | 	0	0	0	0	0	0	0	0	0	0	0	78	215	364	524	407	222	207	114	52	2	0	0	0	0	0	0	0	0	0	
265 | 	0	0	0	0	0	0	0	0	0	0	12	46	136	380	577	532	233	137	55	63	14	0	0	0	0	0	0	0	0	0	
266 | 	0	0	0	0	0	0	0	0	0	0	36	62	142	339	446	478	461	115	94	12	0	0	0	0	0	0	0	0	0	0	
267 | 	0	0	0	0	0	0	0	0	0	0	0	38	139	305	593	621	324	102	53	10	0	0	0	0	0	0	0	0	0	0	
268 | 	0	0	0	0	0	0	0	0	0	0	0	0	3	196	703	1072	211	0	0	0	0	0	0	0	0	0	0	0	0	0	
269 | 	0	0	0	0	0	0	0	0	0	2	50	43	167	408	374	484	341	187	118	11	0	0	0	0	0	0	0	0	0	0	
270 | 	0	0	0	0	0	0	0	0	0	0	30	134	215	262	336	380	491	284	53	0	0	0	0	0	0	0	0	0	0	0	
271 | 	0	0	0	0	0	0	0	0	0	0	5	22	133	427	603	497	224	127	105	37	5	0	0	0	0	0	0	0	0	0	
272 | 	0	0	0	0	0	0	0	0	0	0	1	37	136	323	498	678	375	91	45	1	0	0	0	0	0	0	0	0	0	0	
273 | 	0	0	0	0	0	0	0	0	0	0	5	48	115	339	643	491	331	129	48	25	11	0	0	0	0	0	0	0	0	0	
274 | 	0	0	0	0	0	0	0	0	0	0	0	7	121	313	652	693	227	92	63	17	0	0	0	0	0	0	0	0	0	0	
275 | 	0	0	0	0	0	0	0	0	0	0	0	13	193	435	600	347	285	142	139	30	1	0	0	0	0	0	0	0	0	0	
276 | 	0	0	0	0	0	0	0	0	0	0	0	35	167	216	624	697	244	189	13	0	0	0	0	0	0	0	0	0	0	0	
277 | 	0	0	0	0	0	0	0	0	0	0	49	85	195	348	393	357	388	281	86	2	0	0	0	0	0	0	0	0	0	0	
278 | 	0	0	0	0	0	0	0	0	0	0	17	107	182	260	484	442	417	228	30	14	4	0	0	0	0	0	0	0	0	0	
279 | 	0	0	0	0	0	0	0	0	0	0	22	103	220	296	403	410	456	134	118	23	0	0	0	0	0	0	0	0	0	0	
280 | 	0	0	0	0	0	0	0	0	0	0	15	159	208	220	355	488	421	234	80	5	0	0	0	0	0	0	0	0	0	0	
281 | 	0	0	0	0	0	0	0	0	0	12	48	57	83	129	648	759	273	150	26	0	0	0	0	0	0	0	0	0	0	0	
282 | 	0	0	0	0	0	0	0	0	0	9	29	39	36	167	652	893	231	96	33	0	0	0	0	0	0	0	0	0	0	0	
283 | 	0	0	0	0	0	0	0	0	0	0	18	33	98	212	669	811	183	88	44	27	2	0	0	0	0	0	0	0	0	0	
284 | 	0	0	0	0	0	0	0	0	0	0	0	32	90	236	678	738	288	101	22	0	0	0	0	0	0	0	0	0	0	0	
285 | 	0	0	0	0	0	0	0	0	0	0	0	5	104	336	628	755	155	109	60	18	13	2	0	0	0	0	0	0	0	0	
286 | 	0	0	0	0	0	0	0	0	0	2	59	152	232	175	209	467	610	253	25	1	0	0	0	0	0	0	0	0	0	0	
287 | 	0	0	0	0	0	0	0	1	1	14	32	59	165	264	516	508	320	208	75	22	0	0	0	0	0	0	0	0	0	0	
288 | 	0	0	0	0	0	0	0	0	0	0	0	2	46	266	655	1026	49	46	51	37	7	0	0	0	0	0	0	0	0	0	
289 | 	0	0	0	0	0	0	0	0	0	0	4	222	353	300	298	221	190	211	274	109	3	0	0	0	0	0	0	0	0	0	
290 | 	0	0	0	0	0	0	0	0	0	0	0	47	304	426	456	266	206	309	156	15	0	0	0	0	0	0	0	0	0	0	
291 | 	0	0	0	0	0	0	0	0	0	0	0	54	130	256	572	738	279	121	13	14	8	0	0	0	0	0	0	0	0	0	
292 | 	0	0	0	0	0	0	0	0	0	0	0	80	338	372	323	327	287	220	213	17	7	0	0	0	0	0	0	0	0	0	
293 | 	0	0	0	0	0	0	0	0	0	0	3	24	81	142	667	1040	107	73	32	16	0	0	0	0	0	0	0	0	0	0	
294 | 	0	0	0	0	0	0	0	0	0	0	0	8	52	124	824	936	139	88	14	0	0	0	0	0	0	0	0	0	0	0	
295 | 	0	0	0	0	0	0	0	0	0	0	0	5	70	197	902	738	129	79	65	0	0	0	0	0	0	0	0	0	0	0	
296 | 	0	0	0	0	0	0	0	0	0	0	0	36	231	280	517	603	285	90	96	46	1	0	0	0	0	0	0	0	0	0	
297 | 	0	0	0	0	0	0	0	0	0	0	22	73	109	125	684	817	132	135	73	15	0	0	0	0	0	0	0	0	0	0	
298 | 	0	0	0	0	0	0	0	0	0	0	1	48	90	320	570	686	297	107	35	23	8	0	0	0	0	0	0	0	0	0	
299 | 	0	0	0	0	0	0	0	0	0	0	4	46	180	436	420	452	357	220	47	23	0	0	0	0	0	0	0	0	0	0	
300 | 	0	0	0	0	0	0	0	0	0	0	0	12	71	200	727	905	147	80	40	3	0	0	0	0	0	0	0	0	0	0	
301 | 	0	0	0	0	0	0	0	0	0	3	40	69	108	364	456	541	348	163	81	12	0	0	0	0	0	0	0	0	0	0	
302 | 	0	0	0	0	0	0	0	0	0	1	12	27	28	66	575	1353	44	26	38	13	2	0	0	0	0	0	0	0	0	0	
303 | 	0	0	0	0	0	0	0	0	0	3	15	53	85	218	662	724	250	99	52	23	1	0	0	0	0	0	0	0	0	0	
304 | 	0	0	0	0	0	0	0	0	0	1	26	57	85	162	678	822	177	86	64	26	1	0	0	0	0	0	0	0	0	0	
305 | 	0	0	0	0	0	0	0	0	1	7	55	180	129	203	475	502	247	162	149	75	0	0	0	0	0	0	0	0	0	0	
306 | 	0	0	0	0	0	0	0	0	0	0	3	86	209	346	489	420	273	235	88	34	2	0	0	0	0	0	0	0	0	0	
307 | 	0	0	0	0	0	0	0	0	0	0	1	51	230	371	545	364	238	200	165	19	0	0	0	0	0	0	0	0	0	0	
308 | 	0	0	0	0	0	0	0	0	0	0	0	0	0	0	775	1409	1	0	0	0	0	0	0	0	0	0	0	0	0	0	
309 | 	0	0	0	0	0	0	0	0	0	0	0	0	0	0	912	1273	0	0	0	0	0	0	0	0	0	0	0	0	0	0	
310 | 	0	0	0	0	0	0	0	0	0	0	0	1	23	38	676	1376	57	13	1	0	0	0	0	0	0	0	0	0	0	0	
311 | 	0	0	0	0	0	0	0	0	0	1	48	100	153	266	463	556	303	127	121	40	7	0	0	0	0	0	0	0	0	0	
312 | 	0	0	0	0	0	0	0	0	0	0	9	56	158	327	588	443	329	192	74	9	0	0	0	0	0	0	0	0	0	0	
313 | 	0	0	0	0	0	0	0	0	0	0	0	9	55	241	739	793	261	65	20	2	0	0	0	0	0	0	0	0	0	0	
314 | 	0	0	0	0	0	0	0	0	0	0	12	69	145	375	578	380	341	168	78	30	9	0	0	0	0	0	0	0	0	0	
315 | 	0	0	0	0	0	0	0	0	0	0	0	2	1	7	680	1481	12	0	2	0	0	0	0	0	0	0	0	0	0	0	
316 | 	0	0	0	0	0	0	0	0	0	0	1	59	241	413	390	464	306	147	112	46	6	0	0	0	0	0	0	0	0	0	
317 | 	0	0	0	0	0	0	0	0	0	0	15	106	150	189	526	726	210	134	84	43	2	0	0	0	0	0	0	0	0	0	
318 | 	0	0	0	0	0	0	0	0	0	0	0	1	1	118	920	1003	115	17	8	2	0	0	0	0	0	0	0	0	0	0	
319 | 	0	0	0	0	0	0	0	0	0	1	52	109	201	266	389	484	365	173	105	37	3	0	0	0	0	0	0	0	0	0	
320 | 	0	0	0	0	0	0	0	0	0	0	2	12	30	135	775	1051	142	28	10	0	0	0	0	0	0	0	0	0	0	0	
321 | 	0	0	0	0	0	0	0	0	0	0	28	59	108	123	604	917	143	94	85	23	0	0	0	0	0	0	0	0	0	0	
322 | 	0	0	0	0	0	0	0	0	0	0	0	11	78	238	783	744	180	98	39	11	3	0	0	0	0	0	0	0	0	0	
323 | 	0	0	0	0	0	0	0	0	0	0	0	0	13	109	741	1187	96	16	8	11	4	0	0	0	0	0	0	0	0	0	
324 | 	0	0	0	0	0	0	0	0	0	0	0	38	131	519	460	427	401	89	67	48	5	0	0	0	0	0	0	0	0	0	
325 | 	0	0	0	0	0	0	0	0	1	11	20	50	73	217	684	727	224	71	62	31	13	1	0	0	0	0	0	0	0	0	
326 | 	0	0	0	0	0	0	0	0	0	0	2	10	70	174	634	1056	106	90	38	4	1	0	0	0	0	0	0	0	0	0	
327 | 	0	0	0	0	0	0	0	0	0	0	1	33	137	222	679	795	88	93	99	38	0	0	0	0	0	0	0	0	0	0	
328 | 	0	0	0	0	0	0	0	0	0	0	5	47	277	571	355	237	220	191	240	38	4	0	0	0	0	0	0	0	0	0	
329 | 	0	0	0	0	0	0	0	0	0	0	4	67	148	292	565	581	289	132	93	14	0	0	0	0	0	0	0	0	0	0	
330 | 	0	0	0	0	0	0	0	0	0	0	3	26	87	263	699	713	262	74	23	27	8	0	0	0	0	0	0	0	0	0	
331 | 	0	0	0	0	0	0	0	0	0	0	0	24	187	310	589	601	199	180	94	1	0	0	0	0	0	0	0	0	0	0	
332 | 	0	0	0	0	0	0	0	0	0	0	1	5	113	342	687	606	242	100	69	20	0	0	0	0	0	0	0	0	0	0	
333 | 	0	0	0	0	0	0	0	0	0	0	0	14	142	368	632	610	178	104	77	50	10	0	0	0	0	0	0	0	0	0	
334 | 	0	0	0	0	0	0	0	0	0	0	0	34	168	365	396	574	536	99	12	1	0	0	0	0	0	0	0	0	0	0	
335 | 	0	0	0	0	0	0	0	0	0	0	0	4	91	334	623	664	372	92	5	0	0	0	0	0	0	0	0	0	0	0	
336 | 	0	0	0	0	0	0	0	0	4	17	46	67	143	184	576	657	195	148	70	55	20	2	0	0	0	0	0	0	0	0	
337 | 	0	0	0	0	0	0	0	0	0	0	0	0	0	8	977	1182	18	0	0	0	0	0	0	0	0	0	0	0	0	0	
338 | 	0	0	0	0	0	0	0	0	0	0	0	0	0	1	771	1413	0	0	0	0	0	0	0	0	0	0	0	0	0	0	
339 | 	0	0	0	0	0	0	0	0	0	0	0	0	15	132	800	1052	167	19	0	0	0	0	0	0	0	0	0	0	0	0	
340 | 	0	0	0	0	0	0	0	0	0	0	6	34	80	230	817	721	130	69	52	29	9	7	1	0	0	0	0	0	0	0	
341 | 	0	0	0	0	0	0	0	0	0	9	28	23	55	276	698	626	336	72	54	8	0	0	0	0	0	0	0	0	0	0	
342 | 	0	0	0	0	0	0	0	0	0	9	50	162	187	355	380	288	210	283	229	27	5	0	0	0	0	0	0	0	0	0	
343 | 	0	0	0	0	0	0	0	0	0	0	0	0	108	328	627	686	237	196	3	0	0	0	0	0	0	0	0	0	0	0	
344 | 	0	0	0	0	0	0	0	0	0	0	1	17	66	218	767	820	204	36	22	26	8	0	0	0	0	0	0	0	0	0	
345 | 	0	0	0	0	0	0	0	0	0	0	0	78	325	472	313	270	251	217	204	55	0	0	0	0	0	0	0	0	0	0	
346 | 	0	0	0	0	0	0	0	0	0	2	3	32	147	448	503	460	309	169	102	10	0	0	0	0	0	0	0	0	0	0	
347 | 	0	0	0	0	0	0	0	0	0	0	0	0	0	2	484	1687	12	0	0	0	0	0	0	0	0	0	0	0	0	0	
348 | 	0	0	0	0	0	0	0	0	0	0	0	4	30	220	464	1241	135	60	25	6	0	0	0	0	0	0	0	0	0	0	
349 | 	0	0	0	0	0	0	0	0	4	14	11	17	14	108	733	1067	141	54	20	2	0	0	0	0	0	0	0	0	0	0	
350 | 	0	0	0	0	0	0	0	0	0	0	18	59	181	172	461	763	344	163	24	0	0	0	0	0	0	0	0	0	0	0	
351 | 	0	0	0	0	0	0	0	0	0	0	22	137	145	201	489	595	298	213	76	8	0	0	0	0	0	0	0	0	0	0	
352 | 	0	0	0	0	0	0	0	0	0	0	0	1	11	115	750	1151	143	14	0	0	0	0	0	0	0	0	0	0	0	0	
353 | 	0	0	0	0	0	0	0	0	0	0	0	0	0	0	554	1631	0	0	0	0	0	0	0	0	0	0	0	0	0	0	
354 | 	0	0	0	0	0	0	0	0	0	0	0	1	2	42	931	1155	48	6	0	0	0	0	0	0	0	0	0	0	0	0	
355 | 	0	0	0	0	0	0	0	0	0	0	0	0	0	28	687	1437	33	0	0	0	0	0	0	0	0	0	0	0	0	0	
356 | 	0	0	0	0	0	0	0	0	3	12	39	55	83	348	501	591	359	80	59	36	18	1	0	0	0	0	0	0	0	0	
357 | 	0	0	0	0	0	0	0	0	0	0	11	69	297	438	319	344	338	150	150	50	18	1	0	0	0	0	0	0	0	0	
358 | 	0	0	0	0	0	0	0	0	0	0	0	41	200	404	510	378	309	263	61	17	2	0	0	0	0	0	0	0	0	0	
359 | 	0	0	0	0	0	0	0	0	0	0	1	36	68	216	770	766	157	87	67	12	4	1	0	0	0	0	0	0	0	0	
360 | 	0	0	0	0	0	0	0	0	0	0	0	31	165	143	559	956	120	116	85	10	0	0	0	0	0	0	0	0	0	0	
361 | 	0	0	0	0	0	0	0	0	0	0	0	96	151	401	476	415	360	138	117	31	0	0	0	0	0	0	0	0	0	0	
362 | 	0	0	0	0	0	0	0	0	0	0	10	79	286	406	374	386	209	209	133	84	9	0	0	0	0	0	0	0	0	0	
363 | 	0	0	0	0	0	0	0	0	0	0	0	93	187	150	591	746	161	112	116	29	0	0	0	0	0	0	0	0	0	0	
364 | 	0	0	0	0	0	0	0	0	0	0	0	43	150	257	636	720	166	102	69	31	11	0	0	0	0	0	0	0	0	0	
365 | 	0	0	0	0	0	0	0	0	0	0	16	41	58	191	647	925	206	32	42	22	4	0	0	0	0	0	0	0	0	0	
366 | 	0	0	0	0	0	0	0	0	0	0	0	30	291	367	353	389	426	296	29	4	0	0	0	0	0	0	0	0	0	0	
367 | 	0	0	0	0	0	0	0	0	0	0	11	53	78	262	658	725	237	81	64	15	1	0	0	0	0	0	0	0	0	0	
368 | 	0	0	0	0	0	0	0	0	0	0	10	41	70	182	682	880	177	63	58	22	0	0	0	0	0	0	0	0	0	0	
369 | 	0	0	0	0	0	0	0	0	0	0	3	120	153	232	503	632	271	155	94	22	0	0	0	0	0	0	0	0	0	0	
370 | 	0	0	0	0	0	0	0	0	0	0	0	19	105	254	625	858	119	114	44	34	11	2	0	0	0	0	0	0	0	0	
371 | 	0	0	0	0	0	0	0	0	0	0	18	48	80	241	602	752	335	97	12	0	0	0	0	0	0	0	0	0	0	0	
372 | 	0	0	0	0	0	0	0	0	0	0	37	37	62	199	714	780	228	58	29	30	11	0	0	0	0	0	0	0	0	0	
373 | 	0	0	0	0	0	0	0	0	0	0	33	102	207	368	494	299	223	177	187	93	2	0	0	0	0	0	0	0	0	0	
374 | 	0	0	0	0	0	0	0	0	0	0	4	58	127	192	585	762	313	144	0	0	0	0	0	0	0	0	0	0	0	0	
375 | 	0	0	0	0	0	0	0	0	0	0	17	38	92	188	581	888	240	96	35	10	0	0	0	0	0	0	0	0	0	0	
376 | 	0	0	0	0	0	0	0	0	0	3	30	37	58	162	584	1028	148	49	45	28	13	0	0	0	0	0	0	0	0	0	
377 | 	0	0	0	0	0	0	0	0	0	5	24	88	103	451	394	434	447	118	94	24	3	0	0	0	0	0	0	0	0	0	
378 | 	0	0	0	0	0	0	0	0	0	2	15	74	194	335	440	484	352	191	78	13	7	0	0	0	0	0	0	0	0	0	
379 | 	0	0	0	0	0	0	0	0	1	5	32	88	203	359	276	433	567	133	74	14	0	0	0	0	0	0	0	0	0	0	
380 | 	0	0	0	0	0	0	0	0	2	11	64	204	214	229	326	399	194	215	249	77	0	0	0	0	0	0	0	0	0	0	
381 | 	0	0	0	0	0	0	0	0	1	6	16	31	91	237	625	763	273	80	34	22	6	0	0	0	0	0	0	0	0	0	
382 | 	0	0	0	0	0	0	0	0	0	0	3	23	112	377	606	611	265	114	46	16	10	2	0	0	0	0	0	0	0	0	
383 | 	0	0	0	0	0	0	0	0	0	0	0	0	27	206	790	876	228	57	1	0	0	0	0	0	0	0	0	0	0	0	
384 | 	0	0	0	0	0	0	0	0	0	1	18	20	27	146	673	1055	173	31	24	16	1	0	0	0	0	0	0	0	0	0	
385 | 	0	0	0	0	0	0	0	0	0	0	4	22	87	524	644	390	175	139	153	42	5	0	0	0	0	0	0	0	0	0	
386 | 	0	0	0	0	0	0	0	0	0	0	1	89	201	305	441	506	381	201	53	7	0	0	0	0	0	0	0	0	0	0	
387 | 	0	0	0	0	0	0	0	0	0	0	107	168	247	208	177	285	483	384	126	0	0	0	0	0	0	0	0	0	0	0	
388 | 	0	0	0	0	0	0	0	0	0	1	135	252	156	153	149	288	607	316	127	1	0	0	0	0	0	0	0	0	0	0	
389 | 	0	0	0	0	0	0	0	0	0	0	76	134	307	238	196	327	455	288	156	8	0	0	0	0	0	0	0	0	0	0	
390 | 	0	0	0	0	0	0	0	0	0	12	25	53	52	116	718	869	174	119	36	11	0	0	0	0	0	0	0	0	0	0	
391 | 	0	0	0	0	0	0	0	0	0	0	0	58	206	423	436	388	371	232	48	17	6	0	0	0	0	0	0	0	0	0	
392 | 	0	0	0	0	0	0	0	0	0	0	34	104	171	368	425	379	322	202	124	48	7	1	0	0	0	0	0	0	0	0	
393 | 	0	0	0	0	0	0	0	0	0	0	0	32	202	433	403	532	327	140	89	27	0	0	0	0	0	0	0	0	0	0	
394 | 	0	0	0	0	0	0	0	0	0	7	57	133	145	214	402	536	364	220	95	11	0	0	0	0	0	0	0	0	0	0	
395 | 	0	0	0	0	0	0	0	0	0	0	27	123	157	309	372	625	275	131	138	28	0	0	0	0	0	0	0	0	0	0	
396 | 	0	0	0	0	0	0	0	0	0	0	0	6	93	328	639	791	104	115	88	21	0	0	0	0	0	0	0	0	0	0	
397 | 	0	0	0	0	0	0	0	0	0	0	0	0	0	1	911	1272	1	0	0	0	0	0	0	0	0	0	0	0	0	0	
398 | 	0	0	0	0	0	0	0	0	0	0	0	0	0	0	742	1443	0	0	0	0	0	0	0	0	0	0	0	0	0	0	
399 | 	0	0	0	0	0	0	0	0	0	0	3	30	103	240	497	879	297	103	17	14	2	0	0	0	0	0	0	0	0	0	
400 | 	0	0	0	0	0	0	0	0	0	3	12	24	97	438	577	517	301	99	72	34	11	0	0	0	0	0	0	0	0	0	
401 | 	0	0	0	0	0	0	0	0	0	0	0	0	6	100	816	1140	113	10	0	0	0	0	0	0	0	0	0	0	0	0	
402 | 	0	0	0	0	0	0	0	0	0	0	14	36	73	318	686	688	161	101	65	38	5	0	0	0	0	0	0	0	0	0	
403 | 	0	0	0	0	0	0	0	0	0	0	0	45	99	286	520	807	338	80	10	0	0	0	0	0	0	0	0	0	0	0	
404 | 	0	0	0	0	0	0	0	0	0	0	75	206	217	202	268	352	395	280	164	26	0	0	0	0	0	0	0	0	0	0	
405 | 	0	0	0	0	0	0	0	0	0	0	36	135	208	269	360	416	390	296	74	1	0	0	0	0	0	0	0	0	0	0	
406 | 	0	0	0	0	0	0	0	0	0	1	35	22	57	88	746	1024	107	53	29	23	0	0	0	0	0	0	0	0	0	0	
407 | 	0	0	0	0	0	0	0	0	0	0	106	240	279	242	215	217	230	246	290	114	6	0	0	0	0	0	0	0	0	0	
408 | 	0	0	0	0	0	0	0	0	0	0	0	54	198	242	460	558	623	50	0	0	0	0	0	0	0	0	0	0	0	0	
409 | 	0	0	0	0	0	0	0	0	0	0	0	2	24	142	755	1072	159	30	0	0	0	0	0	0	0	0	0	0	0	0	
410 | 	0	0	0	0	0	0	0	0	0	0	1	18	110	403	593	625	230	106	54	28	17	0	0	0	0	0	0	0	0	0	
411 | 	0	0	0	0	0	0	0	0	0	0	0	0	0	232	794	902	257	0	0	0	0	0	0	0	0	0	0	0	0	0	
412 | 	0	0	0	0	0	0	0	0	0	0	22	127	302	387	307	283	224	279	176	78	0	0	0	0	0	0	0	0	0	0	
413 | 	0	0	0	0	0	0	0	0	0	0	0	0	20	188	828	890	223	35	1	0	0	0	0	0	0	0	0	0	0	0	
414 | 	0	0	0	0	0	0	0	0	0	1	34	94	172	285	497	514	271	176	84	48	9	0	0	0	0	0	0	0	0	0	
415 | 	0	0	0	0	0	0	0	0	0	0	5	94	314	397	333	222	338	375	65	25	16	1	0	0	0	0	0	0	0	0	
416 | 	0	0	0	0	0	0	0	0	0	0	29	191	316	308	252	219	279	356	216	19	0	0	0	0	0	0	0	0	0	0	
417 | 	0	0	0	0	0	0	0	0	0	0	23	66	79	105	493	1074	202	97	43	3	0	0	0	0	0	0	0	0	0	0	
418 | 	0	0	0	0	0	0	0	0	0	0	21	150	193	241	411	509	314	172	152	22	0	0	0	0	0	0	0	0	0	0	
419 | 	0	0	0	0	0	0	0	0	0	1	28	187	199	204	220	476	613	248	9	0	0	0	0	0	0	0	0	0	0	0	
420 | 	0	0	0	0	0	0	0	0	0	2	56	111	153	263	409	499	385	192	108	7	0	0	0	0	0	0	0	0	0	0	
421 | 	0	0	0	0	0	0	0	0	0	1	15	48	280	405	357	305	373	313	85	3	0	0	0	0	0	0	0	0	0	0	
422 | 	0	0	0	0	0	0	0	0	1	10	42	142	164	256	460	453	278	207	126	34	12	0	0	0	0	0	0	0	0	0	
423 | 	0	0	0	0	0	0	0	0	0	0	21	274	342	295	231	171	213	189	367	81	1	0	0	0	0	0	0	0	0	0	
424 | 	0	0	0	0	0	0	0	0	0	0	0	8	240	477	540	300	212	210	172	25	0	0	0	0	0	0	0	0	0	0	
425 | 	0	0	0	0	0	0	0	0	0	0	0	53	117	298	465	675	489	78	10	0	0	0	0	0	0	0	0	0	0	0	
426 | 	0	0	0	0	0	0	0	0	0	0	0	14	89	346	607	707	306	65	39	10	2	0	0	0	0	0	0	0	0	0	
427 | 	0	0	0	0	0	0	0	0	0	0	12	8	18	94	606	1293	101	21	14	14	4	0	0	0	0	0	0	0	0	0	
428 | 	0	0	0	0	0	0	0	0	0	0	4	20	144	501	567	388	268	132	131	30	0	0	0	0	0	0	0	0	0	0	
429 | 	0	0	0	0	0	0	0	0	0	0	0	19	29	89	718	1138	155	36	1	0	0	0	0	0	0	0	0	0	0	0	
430 | 	0	0	0	0	0	0	0	0	0	0	0	0	0	0	926	1259	0	0	0	0	0	0	0	0	0	0	0	0	0	0	
431 | 	0	0	0	0	0	0	0	0	0	0	0	0	0	0	836	1349	0	0	0	0	0	0	0	0	0	0	0	0	0	0	
432 | 	0	0	0	0	0	0	0	0	0	0	0	11	41	68	476	1445	109	31	4	0	0	0	0	0	0	0	0	0	0	0	
433 | 	0	0	0	0	0	0	0	0	0	0	86	143	126	120	389	602	414	248	55	2	0	0	0	0	0	0	0	0	0	0	
434 | 	0	0	0	0	0	0	0	0	0	10	39	74	61	81	575	974	212	106	37	16	0	0	0	0	0	0	0	0	0	0	
435 | 	0	0	0	0	0	0	0	0	0	2	50	52	94	105	512	940	279	128	21	2	0	0	0	0	0	0	0	0	0	0	
436 | 	0	0	0	0	0	0	0	0	0	1	15	33	217	383	333	542	439	161	55	6	0	0	0	0	0	0	0	0	0	0	
437 | 	0	0	0	0	0	0	0	0	0	0	9	125	183	195	516	578	265	233	63	18	0	0	0	0	0	0	0	0	0	0	
438 | 	0	0	0	0	0	0	0	0	0	0	0	121	266	188	505	577	176	167	76	73	34	1	0	0	0	0	0	0	0	0	
439 | 	0	0	0	0	0	0	0	0	0	0	23	44	39	137	752	896	204	42	41	7	0	0	0	0	0	0	0	0	0	0	
440 | 	0	0	0	0	0	0	0	0	0	0	114	206	262	242	214	212	311	357	224	40	3	0	0	0	0	0	0	0	0	0	
441 | 	0	0	0	0	0	0	0	0	0	0	3	44	115	313	564	565	456	118	7	0	0	0	0	0	0	0	0	0	0	0	
442 | 	0	0	0	0	0	0	0	0	0	0	42	90	178	235	528	517	280	161	131	23	0	0	0	0	0	0	0	0	0	0	
443 | 	0	0	0	0	0	0	0	0	0	0	8	125	137	242	572	578	246	107	117	52	1	0	0	0	0	0	0	0	0	0	
444 | 	0	0	0	0	0	0	0	0	0	3	9	29	113	316	587	588	388	114	32	6	0	0	0	0	0	0	0	0	0	0	
445 | 	0	0	0	0	0	0	0	0	0	0	0	115	264	395	452	285	188	208	240	38	0	0	0	0	0	0	0	0	0	0	
446 | 	0	0	0	0	0	0	0	0	0	0	0	68	142	197	688	633	215	153	76	13	0	0	0	0	0	0	0	0	0	0	
447 | 	0	0	0	0	0	0	0	0	0	0	53	85	85	104	453	969	212	164	60	0	0	0	0	0	0	0	0	0	0	0	
448 | 	0	0	0	0	0	0	0	0	0	0	11	29	69	176	668	969	153	49	29	25	7	0	0	0	0	0	0	0	0	0	
449 | 	0	0	0	0	0	0	0	0	0	0	5	46	81	130	800	793	190	93	45	2	0	0	0	0	0	0	0	0	0	0	
450 | 	0	0	0	0	0	0	0	0	0	0	0	18	20	30	668	1371	36	24	18	0	0	0	0	0	0	0	0	0	0	0	
451 | 	0	0	0	0	0	0	0	0	0	0	12	156	359	380	262	187	225	283	292	29	0	0	0	0	0	0	0	0	0	0	
452 | 	0	0	0	0	0	0	0	0	0	0	38	83	205	208	443	598	348	170	76	16	0	0	0	0	0	0	0	0	0	0	
453 | 	0	0	0	0	0	0	0	0	0	0	25	104	141	232	509	625	338	128	32	36	14	0	0	0	0	0	0	0	0	0	
454 | 	0	0	0	0	0	0	0	0	0	0	0	78	316	450	356	278	234	200	191	82	0	0	0	0	0	0	0	0	0	0	
455 | 	0	0	0	0	0	0	0	0	0	0	55	149	143	183	392	547	382	285	49	0	0	0	0	0	0	0	0	0	0	0	
456 | 	0	0	0	0	0	0	0	0	0	2	134	140	245	270	273	261	257	375	210	13	5	0	0	0	0	0	0	0	0	0	
457 | 	0	0	0	0	0	0	0	0	0	0	2	25	121	268	669	721	179	114	75	11	0	0	0	0	0	0	0	0	0	0	
458 | 	0	0	0	0	0	0	0	0	0	0	0	0	39	238	715	870	261	58	4	0	0	0	0	0	0	0	0	0	0	0	
459 | 	0	0	0	0	0	0	0	0	0	0	29	120	170	134	528	781	100	161	103	59	0	0	0	0	0	0	0	0	0	0	
460 | 	0	0	0	0	0	0	0	0	0	0	1	30	105	290	579	719	321	121	19	0	0	0	0	0	0	0	0	0	0	0	
461 | 	0	0	0	0	0	0	0	0	0	0	0	74	202	246	485	587	379	126	48	33	5	0	0	0	0	0	0	0	0	0	
462 | 	0	0	0	0	0	0	0	0	0	0	19	165	120	129	449	689	336	266	12	0	0	0	0	0	0	0	0	0	0	0	
463 | 	0	0	0	0	0	0	0	0	0	0	39	128	103	135	592	614	315	193	63	3	0	0	0	0	0	0	0	0	0	0	
464 | 	0	0	0	0	0	0	0	0	0	0	69	129	111	123	434	707	337	271	4	0	0	0	0	0	0	0	0	0	0	0	
465 | 	0	0	0	0	0	0	0	0	0	0	0	0	0	1	945	1236	3	0	0	0	0	0	0	0	0	0	0	0	0	0	
466 | 	0	0	0	0	0	0	0	0	0	0	0	0	0	0	941	1237	7	0	0	0	0	0	0	0	0	0	0	0	0	0	
467 | 	0	0	0	0	0	0	0	0	2	21	35	79	107	111	488	909	165	207	48	11	2	0	0	0	0	0	0	0	0	0	
468 | 	0	0	0	0	0	0	0	0	0	0	11	37	58	140	708	902	245	67	13	3	0	0	0	0	0	0	0	0	0	0	
469 | 	0	0	0	0	0	0	0	0	0	0	15	37	238	399	339	514	376	179	66	22	0	0	0	0	0	0	0	0	0	0	
470 | 	0	0	0	0	0	0	0	0	0	0	0	58	149	290	448	614	538	85	3	0	0	0	0	0	0	0	0	0	0	0	
471 | 	0	0	0	0	0	0	0	0	0	0	3	23	129	386	644	525	243	113	70	31	10	7	1	0	0	0	0	0	0	0	
472 | 	0	0	0	0	0	0	0	0	0	1	40	53	50	257	603	655	376	137	13	0	0	0	0	0	0	0	0	0	0	0	
473 | 	0	0	0	0	0	0	0	0	0	0	7	11	81	310	676	803	124	80	42	36	13	2	0	0	0	0	0	0	0	0	
474 | 	0	0	0	0	0	0	0	0	0	0	36	79	114	280	449	685	315	171	56	0	0	0	0	0	0	0	0	0	0	0	
475 | 	0	0	0	0	0	0	0	0	0	10	41	35	59	199	711	750	249	58	35	25	13	0	0	0	0	0	0	0	0	0	
476 | 	0	0	0	0	0	0	0	0	0	0	0	88	276	426	324	339	270	278	172	12	0	0	0	0	0	0	0	0	0	0	
477 | 	0	0	0	0	0	0	0	0	0	0	6	53	173	340	471	538	389	156	54	5	0	0	0	0	0	0	0	0	0	0	
478 | 	0	0	0	0	0	0	0	0	0	0	0	0	196	434	505	495	285	164	70	36	0	0	0	0	0	0	0	0	0	0	
479 | 	0	0	0	0	0	0	0	0	0	3	20	132	324	320	264	305	304	329	156	28	0	0	0	0	0	0	0	0	0	0	
480 | 	0	0	0	0	0	0	0	0	0	0	0	0	9	74	645	1353	98	6	0	0	0	0	0	0	0	0	0	0	0	0	
481 | 	0	0	0	0	0	0	0	0	0	0	0	0	12	325	465	1027	356	0	0	0	0	0	0	0	0	0	0	0	0	0	
482 | 	0	0	0	0	0	0	0	0	1	8	20	81	238	332	441	401	291	229	75	56	11	0	0	0	0	0	0	0	0	0	
483 | 	0	0	0	0	0	0	0	0	0	5	16	58	100	438	408	522	383	211	44	0	0	0	0	0	0	0	0	0	0	0	
484 | 	0	0	0	0	0	0	0	0	0	0	0	3	42	232	716	896	242	50	4	0	0	0	0	0	0	0	0	0	0	0	
485 | 	0	0	0	0	0	0	0	0	0	0	0	6	77	172	703	945	226	56	0	0	0	0	0	0	0	0	0	0	0	0	
486 | 	0	0	0	0	0	0	0	0	0	0	0	0	0	13	929	1230	13	0	0	0	0	0	0	0	0	0	0	0	0	0	
487 | 	0	0	0	0	0	0	0	0	0	0	0	0	0	3	886	1285	11	0	0	0	0	0	0	0	0	0	0	0	0	0	
488 | 	0	0	0	0	0	0	0	0	0	0	0	1	3	66	920	1109	76	8	1	1	0	0	0	0	0	0	0	0	0	0	
489 | 	0	0	0	0	0	0	0	0	0	0	0	0	0	9	955	1208	13	0	0	0	0	0	0	0	0	0	0	0	0	0	
490 | 	0	0	0	0	0	0	0	0	0	0	22	108	126	190	531	839	104	81	77	71	35	1	0	0	0	0	0	0	0	0	
491 | 	0	0	0	0	0	0	0	0	0	1	5	22	97	508	437	447	489	138	41	0	0	0	0	0	0	0	0	0	0	0	
492 | 	0	0	0	0	0	0	0	0	0	6	57	160	204	290	320	382	315	252	147	51	1	0	0	0	0	0	0	0	0	0	
493 | 	0	0	0	0	0	0	0	0	0	0	1	36	148	289	664	582	269	97	53	38	8	0	0	0	0	0	0	0	0	0	
494 | 	0	0	0	0	0	0	0	0	0	0	0	11	117	222	784	721	155	69	72	33	1	0	0	0	0	0	0	0	0	0	
495 | 	0	0	0	0	0	0	0	0	0	0	0	28	152	293	663	641	146	123	104	35	0	0	0	0	0	0	0	0	0	0	
496 | 	0	0	0	0	0	0	0	0	0	1	35	196	232	273	336	339	291	234	211	36	1	0	0	0	0	0	0	0	0	0	
497 | 	0	0	0	0	0	0	0	0	0	0	2	36	118	166	608	941	164	97	40	8	3	1	0	0	0	0	0	0	0	0	
498 | 	0	0	0	0	0	0	0	0	0	0	1	30	111	348	597	624	300	92	62	14	5	1	0	0	0	0	0	0	0	0	
499 | 	0	0	0	0	0	0	0	0	0	1	51	100	178	229	397	544	444	161	51	26	3	0	0	0	0	0	0	0	0	0	
500 | 	0	0	0	0	0	0	0	0	0	0	0	33	78	263	635	812	254	64	46	0	0	0	0	0	0	0	0	0	0	0	
501 | 	0	0	0	0	0	0	0	0	5	22	68	150	223	263	256	318	382	314	169	15	0	0	0	0	0	0	0	0	0	0	
502 | 	0	0	0	0	0	0	0	0	0	4	59	182	238	298	316	299	287	229	212	61	0	0	0	0	0	0	0	0	0	0	
503 | 	0	0	0	0	0	0	0	0	0	0	9	151	202	259	407	438	378	192	149	0	0	0	0	0	0	0	0	0	0	0	
504 | 	0	0	0	0	0	0	0	0	0	0	46	197	305	248	288	306	249	241	250	55	0	0	0	0	0	0	0	0	0	0	
505 | 	0	0	0	0	0	0	0	0	0	0	0	10	49	129	805	960	205	27	0	0	0	0	0	0	0	0	0	0	0	0	
506 | 	0	0	0	0	0	0	0	0	0	0	0	15	181	310	549	547	412	161	10	0	0	0	0	0	0	0	0	0	0	0	
507 | 	0	0	0	0	0	0	0	0	0	0	0	52	196	143	646	710	266	101	35	30	6	0	0	0	0	0	0	0	0	0	
508 | 	0	0	0	0	0	0	0	0	0	10	83	142	166	238	367	439	321	278	122	19	0	0	0	0	0	0	0	0	0	0	
509 | 	0	0	0	0	0	0	0	0	0	0	16	121	203	311	451	413	302	200	125	43	0	0	0	0	0	0	0	0	0	0	
510 | 	0	0	0	0	0	0	0	0	0	0	0	58	218	263	464	607	322	212	41	0	0	0	0	0	0	0	0	0	0	0	
511 | 	0	0	0	0	0	0	0	0	0	0	0	0	12	54	877	1184	43	14	0	0	0	0	0	0	0	0	0	0	0	0	
Identifiant: 1
Histogramme:
k = 2, m = 30
y \ x
0 | 	0	0	0	0	0	0	0	4	11	84	323	871	1916	2978	3763	3940	3188	2029	965	309	72	19	0	0	0	0	0	0	0	0	
1 | 	0	0	0	0	0	0	0	0	0	3	77	681	1948	3211	4413	4313	2913	1631	860	346	68	8	0	0	0	0	0	0	0	0	
--- FIN DES TEST AUDIO --- 
